%YAML:1.0
calibration_time: "03/12/15 12:09:00"
nrOfFrames: 25
image_width: 640
image_height: 480
board_width: 7
board_height: 6
square_size: 2.5000000000000000e+000
FixAspectRatio: 1.
# flags:  +fix_aspectRatio +fix_principal_point +zero_tangent_dist
flagValue: 14
camera_matrix: !!opencv-matrix
   rows: 3
   cols: 3
   dt: d
   data: [ 6.7782133178251331e+002, 0., 3.1950000000000000e+002, 0.,
       6.7782133178251331e+002, 2.3950000000000000e+002, 0., 0., 1. ]
distortion_coefficients: !!opencv-matrix
   rows: 5
   cols: 1
   dt: d
   data: [ 2.5017372832628065e-001, -1.9433284911154303e+000, 0., 0.,
       4.0329821097822665e+000 ]
Avg_Reprojection_Error: 3.2450216810205579e-001
Per_View_Reprojection_Errors: !!opencv-matrix
   rows: 25
   cols: 1
   dt: f
   data: [ 2.80618668e-001, 3.83915246e-001, 3.48308414e-001,
       2.15835333e-001, 1.98207557e-001, 3.15418869e-001,
       2.88140386e-001, 2.13842019e-001, 2.58580446e-001,
       2.04868615e-001, 3.68438900e-001, 4.26440865e-001,
       2.13424370e-001, 1.84416935e-001, 4.09265637e-001,
       1.08324870e-001, 2.82502651e-001, 2.87524730e-001,
       2.99298733e-001, 2.81234294e-001, 4.09770995e-001,
       4.71137911e-001, 5.19267201e-001, 2.22395763e-001,
       4.95593607e-001 ]
# a set of 6-tuples (rotation vector + translation vector) for each view
Extrinsic_Parameters: !!opencv-matrix
   rows: 25
   cols: 6
   dt: d
   data: [ 7.2968799144227992e-002, -8.8486934455029184e-002,
       2.1086980866406673e-003, -8.0767726817777170e+000,
       -6.6799043350226315e+000, 3.1731438088784241e+001,
       6.7910997314299310e-002, -9.2462183094873335e-002,
       -1.2427386136817182e-003, -7.7770781084316445e+000,
       -6.6749479424224409e+000, 3.1964651520273154e+001,
       -7.6380433104507412e-003, -3.5177117064415325e-001,
       2.7382464277438952e-002, -6.6841302852766500e+000,
       -7.4571741486833023e+000, 4.3686284344654354e+001,
       -4.6009851820391391e-002, -6.0211210761242184e-001,
       1.5906388392293905e-001, -8.7325405970483896e+000,
       -9.2615529700743640e+000, 4.5434347070615736e+001,
       -9.3665736881736766e-002, -6.9448200475737565e-001,
       2.9067667870924019e-001, -8.7324347902453585e+000,
       -1.0270708749027200e+001, 4.6994004840871675e+001,
       4.7744159932454616e-001, -1.4153562381955795e-001,
       9.4791523812739711e-002, -8.1154791366830299e+000,
       -5.6540624019041701e+000, 4.5641783998863652e+001,
       1.6365108741074430e-001, 4.3708219316702346e-001,
       2.1949431629822200e-001, 3.7530041129226701e+000,
       -1.2342430880727246e+001, 5.5780133050312365e+001,
       1.4138014366559798e-001, 9.4553061785396764e-001,
       3.2216943073365240e-001, 2.9661812961901002e+000,
       -1.0232413127325248e+001, 5.4667609288864284e+001,
       -4.6242738625829133e-001, -1.3213686098962937e-001,
       7.7613348575334945e-002, -1.0581519364098284e+001,
       -6.4459905242701350e+000, 5.4744661778725728e+001,
       1.5433128968156065e-002, -6.3332359461446885e-001,
       1.4729635821718876e-001, -1.7031815158142035e+001,
       -1.2635897870393160e+001, 4.2945014141289761e+001,
       1.8612800565791416e-002, -1.7194207157012273e-001,
       2.2149754516846466e-002, -1.0129131999480222e+001,
       -9.4256454123788309e+000, 4.5834805752068242e+001,
       1.0381071818451021e-001, 3.8624095952378490e-001,
       1.4710155258273824e-001, 2.2663472242614660e+000,
       -1.3592257370107655e+001, 5.1647142490079645e+001,
       -2.7203159914941122e-001, 7.3251839394482399e-001,
       4.1887412436289923e-001, 9.5629741612458457e+000,
       -8.3217049603721183e+000, 5.7252518512197376e+001,
       -3.0815016136316370e-001, 9.6931058234811818e-001,
       6.5505240809644327e-001, 1.3598187419796778e+001,
       -4.6200459185531084e+000, 5.7835157382347361e+001,
       -6.7271852319938108e-001, 1.8239333331666516e-001,
       1.9287573126141508e-001, -3.2757656339668872e+000,
       -1.6699524873333305e+000, 5.8840701370487380e+001,
       -3.9300196141440324e-001, -4.7995147502770530e-001,
       -3.6021607586862792e-001, -1.7376129861621671e+001,
       -3.1967161033274066e-001, 4.6096836739536236e+001,
       -7.9053009764866744e-001, -7.0107985667486578e-002,
       -1.1224695734092598e-001, -1.0498903471286843e+001,
       -3.6351550316620312e-001, 5.2288755286287468e+001,
       -7.5598670664562495e-001, -7.2025457204320326e-002,
       -9.9092020704827158e-002, -1.0396267560891252e+001,
       -7.9892964938807065e-001, 5.2407002795730449e+001,
       6.4691101264247142e-001, -7.7105304514345843e-002,
       1.7159492050355243e-002, -1.0661036330353220e+001,
       -5.0901229174783111e+000, 3.5969472030046632e+001,
       7.0971806872882071e-001, -1.2880473817988658e-001,
       1.8459014126463717e-002, -1.2804335797716645e+001,
       -6.5771350473118124e+000, 3.3018393463633814e+001,
       7.0523687123142353e-001, -8.1117352434892126e-002,
       2.9710078802078290e-002, -1.2785853522246734e+001,
       -6.6772362916580672e+000, 3.3050072939838984e+001,
       -2.8145162316351285e-001, -7.4370496709125516e-002,
       8.4371046910117938e-003, -7.5552054006095624e+000,
       -1.9959437001632228e+000, 4.3130121459565743e+001,
       -3.2517022732971640e-001, -1.3039161189602724e-001,
       -2.0079779056619458e-002, -1.3356345013024788e+001,
       -3.8455257066019342e+000, 4.6241051684665415e+001,
       -1.2627131215843845e-001, -4.5521835666924471e-001,
       -6.0406473874605078e-002, -1.8428524641665074e+001,
       -5.4409924204180387e+000, 4.6208477603389852e+001,
       -1.1628794114499894e-001, 3.3711088431412189e-001,
       3.7733277079948044e-002, -1.8650811017966191e+000,
       -4.4684591912203153e+000, 5.2580490630784205e+001 ]
