%YAML:1.0
calibration_Time: "03/18/15 10:24:03"
nrOfFrames: 25
image_width: 640
image_height: 480
board_width: 7
board_height: 6
square_size: 2.5000000000000000e+000
FixAspectRatio: 1.
# flags:  +fix_aspectRatio +fix_principal_point +zero_tangent_dist
flagValue: 14
camera_matrix: !!opencv-matrix
   rows: 3
   cols: 3
   dt: d
   data: [ 4.0782098735030866e+002, 0., 3.1950000000000000e+002, 0.,
       4.0782098735030866e+002, 2.3950000000000000e+002, 0., 0., 1. ]
distortion_coefficients: !!opencv-matrix
   rows: 5
   cols: 1
   dt: d
   data: [ -3.9965585670017595e-001, 1.6379313432821341e-001, 0., 0.,
       -3.2030198186758681e-002 ]
Avg_Reprojection_Error: 8.8034567241915185e-001
Per_View_Reprojection_Errors: !!opencv-matrix
   rows: 25
   cols: 1
   dt: f
   data: [ 4.87854481e-001, 2.49738783e-001, 1.05212852e-001,
       1.09411724e-001, 1.93177551e-001, 1.58004776e-001,
       1.45468190e-001, 4.13832247e-001, 2.04602063e-001,
       1.79046094e-001, 2.32785732e-001, 2.79010922e-001,
       1.83996782e-001, 4.20042944e+000, 3.43762577e-001,
       2.05432519e-001, 2.39899382e-001, 2.38345921e-001,
       1.25541762e-001, 3.13339055e-001, 1.83621064e-001,
       4.07695204e-001, 2.48073682e-001, 2.82637268e-001,
       4.28541094e-001 ]
# a set of 6-tuples (rotation vector + translation vector) for each view
Extrinsic_Parameters: !!opencv-matrix
   rows: 25
   cols: 6
   dt: d
   data: [ 2.9990873941255318e-003, -8.6353378329008371e-002,
       -3.7130721770368760e-002, -1.1303395045397099e+001,
       -5.6243967050839885e+000, 1.6471805341343856e+001,
       -2.1271723570092028e-002, -9.9826762695645721e-002,
       -4.7905954660910303e-004, -1.0471439006548465e+001,
       -3.3418278354255042e+000, 2.4561406217524873e+001,
       -2.1110301044849888e-001, 3.3286069013204045e-001,
       2.3138563249368052e-001, -7.3572014894289524e+000,
       -2.2039936874897257e+000, 4.8354275140873526e+001,
       -1.2321464095108139e-001, 5.6015849288915565e-001,
       6.5458357021004526e-002, -4.7140202007991485e+000,
       -1.9856600202257255e+000, 4.5325274565470366e+001,
       -3.0109801013855957e-002, -9.4041363270573886e-001,
       7.9637881121612603e-002, -1.3059961461104127e+001,
       -1.5665901717268678e+000, 2.8158024245893419e+001,
       2.9660502710378350e-001, -6.4505023909560300e-001,
       1.2845764409399141e-001, -1.1847672534533718e+001,
       -4.0881011154735960e+000, 2.9878464326906737e+001,
       5.8371448317767571e-001, -5.8419721899854626e-001,
       2.6259060107218291e-001, -9.4256496941083103e+000,
       -3.7935385823944210e+000, 2.8307812911676077e+001,
       2.5815634561728690e-001, 1.8094958885133824e-001,
       1.2002847991703601e-001, -6.9069363329139852e+000,
       -7.2810002059746015e+000, 3.3682770659819745e+001,
       -9.1302295773852821e-002, 9.4219469593917970e-001,
       -5.7087342142622302e-002, 1.1270233153793189e+001,
       -9.0328344800937117e+000, 4.0264205520370453e+001,
       -5.0291385296901941e-002, 8.7096764864387100e-001,
       -8.2295179052120263e-002, 9.7430639767171137e+000,
       -1.3731989077475562e+001, 3.9412234670124114e+001,
       2.3434040358634313e-002, 6.3367550633782488e-001,
       -4.5930555503734552e-002, 8.5546383569862083e+000,
       -1.5953596029013903e+001, 2.8944786475791105e+001,
       6.1414604658069229e-002, 6.0838881587341076e-001,
       -6.3304511456114917e-002, 7.9811776780432533e+000,
       -1.4174918406078890e+001, 2.7624032676669366e+001,
       -9.9380919188730521e-001, 6.1283678832393704e-002,
       6.1432986400938229e-002, -1.2613234133212863e+000,
       1.8111500146005760e+001, 5.3071813175113085e+001,
       -1.2751795719020029e+000, 4.0046815156017684e-002,
       4.7012212241659523e-002, -1.9351799883307883e+000,
       1.5705739492534207e+001, 5.1930088478245601e+001,
       -8.7185122347092359e-001, 3.0001423157967236e-002,
       -5.4641653374814858e-002, -6.5788785459110102e+000,
       5.3468603814281943e+000, 3.2663950921166368e+001,
       -8.4258008290825381e-001, 9.0041778364745056e-002,
       -1.5989287185016871e-001, -6.9197107798847233e+000,
       2.5182321243115795e+000, 3.1873909110232141e+001,
       -7.9027307389393520e-001, -1.0504813807646052e-001,
       -4.4859573287062254e-001, -1.3842362904558462e+001,
       8.6198100281838883e+000, 3.2395489376115364e+001,
       -9.4620359935364523e-002, 3.3810914301004535e-001,
       1.5663563577792121e+000, 1.0256660680000806e+001,
       -2.2305619682802047e+000, 3.8331597421868643e+001,
       6.9962977642204452e-002, 8.0556459001777569e-001,
       1.2080645812141970e+000, 1.9459539984751302e+001,
       -3.2780235716024038e+000, 4.1960553495525936e+001,
       8.4870841249826592e-002, 8.4639465634547106e-001,
       6.4513095213436522e-001, 1.7004424332338377e+001,
       -5.6423771680262389e+000, 4.2927956082904977e+001,
       -1.2666914884117062e-002, -6.9115536980791592e-001,
       4.0167074503030538e-002, -9.0000883794695330e+000,
       -9.0314460208647098e+000, 2.6754235940164321e+001,
       -5.8082107041020271e-002, -8.8658679321661438e-001,
       1.4338904780109881e-002, -3.1130664074257064e+000,
       -6.9894271396235776e+000, 1.4333112449929214e+001,
       -1.4346921794932896e-001, 8.1566809599971879e-001,
       -9.4369220109099650e-002, -1.0436582523468638e+000,
       -5.3277142689929748e+000, 3.4737035224316550e+001,
       -2.0041593081733333e-001, 9.8202493230981058e-001,
       -4.3839733506753770e-002, 2.2690635968789992e+000,
       -6.8624980685862731e+000, 3.2259392714710451e+001,
       7.1571969195416207e-001, -1.5200833363438615e-001,
       -6.0150834573983999e-002, -4.0082132833591215e+000,
       -3.6058359860301181e-001, 1.2870794521287831e+001 ]
