%YAML:1.0
aruco_bc_nmarkers: 64
aruco_bc_mInfoType: 0
aruco_bc_markers:
   - { id:6726453, corners:[ [ -658., 658., 0. ], [ -518., 658., 0. ], [
       -518., 518., 0. ], [ -658., 518., 0. ] ] }
   - { id:18781658, corners:[ [ -490., 658., 0. ], [ -350., 658., 0. ],
       [ -350., 518., 0. ], [ -490., 518., 0. ] ] }
   - { id:13295419, corners:[ [ -322., 658., 0. ], [ -182., 658., 0. ],
       [ -182., 518., 0. ], [ -322., 518., 0. ] ] }
   - { id:9606824, corners:[ [ -154., 658., 0. ], [ -14., 658., 0. ], [
       -14., 518., 0. ], [ -154., 518., 0. ] ] }
   - { id:25472776, corners:[ [ 14., 658., 0. ], [ 154., 658., 0. ], [
       154., 518., 0. ], [ 14., 518., 0. ] ] }
   - { id:18898117, corners:[ [ 182., 658., 0. ], [ 322., 658., 0. ], [
       322., 518., 0. ], [ 182., 518., 0. ] ] }
   - { id:24396034, corners:[ [ 350., 658., 0. ], [ 490., 658., 0. ], [
       490., 518., 0. ], [ 350., 518., 0. ] ] }
   - { id:19227642, corners:[ [ 518., 658., 0. ], [ 658., 658., 0. ], [
       658., 518., 0. ], [ 518., 518., 0. ] ] }
   - { id:10692773, corners:[ [ -658., 490., 0. ], [ -518., 490., 0. ],
       [ -518., 350., 0. ], [ -658., 350., 0. ] ] }
   - { id:26666165, corners:[ [ -490., 490., 0. ], [ -350., 490., 0. ],
       [ -350., 350., 0. ], [ -490., 350., 0. ] ] }
   - { id:20438388, corners:[ [ -322., 490., 0. ], [ -182., 490., 0. ],
       [ -182., 350., 0. ], [ -322., 350., 0. ] ] }
   - { id:13066442, corners:[ [ -154., 490., 0. ], [ -14., 490., 0. ], [
       -14., 350., 0. ], [ -154., 350., 0. ] ] }
   - { id:25879554, corners:[ [ 14., 490., 0. ], [ 154., 490., 0. ], [
       154., 350., 0. ], [ 14., 350., 0. ] ] }
   - { id:11318899, corners:[ [ 182., 490., 0. ], [ 322., 490., 0. ], [
       322., 350., 0. ], [ 182., 350., 0. ] ] }
   - { id:31186093, corners:[ [ 350., 490., 0. ], [ 490., 490., 0. ], [
       490., 350., 0. ], [ 350., 350., 0. ] ] }
   - { id:27306729, corners:[ [ 518., 490., 0. ], [ 658., 490., 0. ], [
       658., 350., 0. ], [ 518., 350., 0. ] ] }
   - { id:20065593, corners:[ [ -658., 322., 0. ], [ -518., 322., 0. ],
       [ -518., 182., 0. ], [ -658., 182., 0. ] ] }
   - { id:32354610, corners:[ [ -490., 322., 0. ], [ -350., 322., 0. ],
       [ -350., 182., 0. ], [ -490., 182., 0. ] ] }
   - { id:12242677, corners:[ [ -322., 322., 0. ], [ -182., 322., 0. ],
       [ -182., 182., 0. ], [ -322., 182., 0. ] ] }
   - { id:21273249, corners:[ [ -154., 322., 0. ], [ -14., 322., 0. ], [
       -14., 182., 0. ], [ -154., 182., 0. ] ] }
   - { id:8250625, corners:[ [ 14., 322., 0. ], [ 154., 322., 0. ], [
       154., 182., 0. ], [ 14., 182., 0. ] ] }
   - { id:2366274, corners:[ [ 182., 322., 0. ], [ 322., 322., 0. ], [
       322., 182., 0. ], [ 182., 182., 0. ] ] }
   - { id:20279660, corners:[ [ 350., 322., 0. ], [ 490., 322., 0. ], [
       490., 182., 0. ], [ 350., 182., 0. ] ] }
   - { id:10631530, corners:[ [ 518., 322., 0. ], [ 658., 322., 0. ], [
       658., 182., 0. ], [ 518., 182., 0. ] ] }
   - { id:22761602, corners:[ [ -658., 154., 0. ], [ -518., 154., 0. ],
       [ -518., 14., 0. ], [ -658., 14., 0. ] ] }
   - { id:12237430, corners:[ [ -490., 154., 0. ], [ -350., 154., 0. ],
       [ -350., 14., 0. ], [ -490., 14., 0. ] ] }
   - { id:24757740, corners:[ [ -322., 154., 0. ], [ -182., 154., 0. ],
       [ -182., 14., 0. ], [ -322., 14., 0. ] ] }
   - { id:1756966, corners:[ [ -154., 154., 0. ], [ -14., 154., 0. ], [
       -14., 14., 0. ], [ -154., 14., 0. ] ] }
   - { id:6991742, corners:[ [ 14., 154., 0. ], [ 154., 154., 0. ], [
       154., 14., 0. ], [ 14., 14., 0. ] ] }
   - { id:24761118, corners:[ [ 182., 154., 0. ], [ 322., 154., 0. ], [
       322., 14., 0. ], [ 182., 14., 0. ] ] }
   - { id:16526585, corners:[ [ 350., 154., 0. ], [ 490., 154., 0. ], [
       490., 14., 0. ], [ 350., 14., 0. ] ] }
   - { id:23760976, corners:[ [ 518., 154., 0. ], [ 658., 154., 0. ], [
       658., 14., 0. ], [ 518., 14., 0. ] ] }
   - { id:31113799, corners:[ [ -658., -14., 0. ], [ -518., -14., 0. ],
       [ -518., -154., 0. ], [ -658., -154., 0. ] ] }
   - { id:11791116, corners:[ [ -490., -14., 0. ], [ -350., -14., 0. ],
       [ -350., -154., 0. ], [ -490., -154., 0. ] ] }
   - { id:4039386, corners:[ [ -322., -14., 0. ], [ -182., -14., 0. ], [
       -182., -154., 0. ], [ -322., -154., 0. ] ] }
   - { id:31313266, corners:[ [ -154., -14., 0. ], [ -14., -14., 0. ], [
       -14., -154., 0. ], [ -154., -154., 0. ] ] }
   - { id:27546188, corners:[ [ 14., -14., 0. ], [ 154., -14., 0. ], [
       154., -154., 0. ], [ 14., -154., 0. ] ] }
   - { id:16192750, corners:[ [ 182., -14., 0. ], [ 322., -14., 0. ], [
       322., -154., 0. ], [ 182., -154., 0. ] ] }
   - { id:2719182, corners:[ [ 350., -14., 0. ], [ 490., -14., 0. ], [
       490., -154., 0. ], [ 350., -154., 0. ] ] }
   - { id:28411801, corners:[ [ 518., -14., 0. ], [ 658., -14., 0. ], [
       658., -154., 0. ], [ 518., -154., 0. ] ] }
   - { id:3615284, corners:[ [ -658., -182., 0. ], [ -518., -182., 0. ],
       [ -518., -322., 0. ], [ -658., -322., 0. ] ] }
   - { id:19266793, corners:[ [ -490., -182., 0. ], [ -350., -182., 0. ],
       [ -350., -322., 0. ], [ -490., -322., 0. ] ] }
   - { id:12229941, corners:[ [ -322., -182., 0. ], [ -182., -182., 0. ],
       [ -182., -322., 0. ], [ -322., -322., 0. ] ] }
   - { id:10819319, corners:[ [ -154., -182., 0. ], [ -14., -182., 0. ],
       [ -14., -322., 0. ], [ -154., -322., 0. ] ] }
   - { id:19513554, corners:[ [ 14., -182., 0. ], [ 154., -182., 0. ], [
       154., -322., 0. ], [ 14., -322., 0. ] ] }
   - { id:8942930, corners:[ [ 182., -182., 0. ], [ 322., -182., 0. ], [
       322., -322., 0. ], [ 182., -322., 0. ] ] }
   - { id:1747039, corners:[ [ 350., -182., 0. ], [ 490., -182., 0. ], [
       490., -322., 0. ], [ 350., -322., 0. ] ] }
   - { id:7657514, corners:[ [ 518., -182., 0. ], [ 658., -182., 0. ], [
       658., -322., 0. ], [ 518., -322., 0. ] ] }
   - { id:29475187, corners:[ [ -658., -350., 0. ], [ -518., -350., 0. ],
       [ -518., -490., 0. ], [ -658., -490., 0. ] ] }
   - { id:27584147, corners:[ [ -490., -350., 0. ], [ -350., -350., 0. ],
       [ -350., -490., 0. ], [ -490., -490., 0. ] ] }
   - { id:19503195, corners:[ [ -322., -350., 0. ], [ -182., -350., 0. ],
       [ -182., -490., 0. ], [ -322., -490., 0. ] ] }
   - { id:20302568, corners:[ [ -154., -350., 0. ], [ -14., -350., 0. ],
       [ -14., -490., 0. ], [ -154., -490., 0. ] ] }
   - { id:15024430, corners:[ [ 14., -350., 0. ], [ 154., -350., 0. ], [
       154., -490., 0. ], [ 14., -490., 0. ] ] }
   - { id:17894745, corners:[ [ 182., -350., 0. ], [ 322., -350., 0. ],
       [ 322., -490., 0. ], [ 182., -490., 0. ] ] }
   - { id:10757826, corners:[ [ 350., -350., 0. ], [ 490., -350., 0. ],
       [ 490., -490., 0. ], [ 350., -490., 0. ] ] }
   - { id:11197659, corners:[ [ 518., -350., 0. ], [ 658., -350., 0. ],
       [ 658., -490., 0. ], [ 518., -490., 0. ] ] }
   - { id:22629300, corners:[ [ -658., -518., 0. ], [ -518., -518., 0. ],
       [ -518., -658., 0. ], [ -658., -658., 0. ] ] }
   - { id:18265733, corners:[ [ -490., -518., 0. ], [ -350., -518., 0. ],
       [ -350., -658., 0. ], [ -490., -658., 0. ] ] }
   - { id:23849551, corners:[ [ -322., -518., 0. ], [ -182., -518., 0. ],
       [ -182., -658., 0. ], [ -322., -658., 0. ] ] }
   - { id:20727942, corners:[ [ -154., -518., 0. ], [ -14., -518., 0. ],
       [ -14., -658., 0. ], [ -154., -658., 0. ] ] }
   - { id:2633544, corners:[ [ 14., -518., 0. ], [ 154., -518., 0. ], [
       154., -658., 0. ], [ 14., -658., 0. ] ] }
   - { id:32349195, corners:[ [ 182., -518., 0. ], [ 322., -518., 0. ],
       [ 322., -658., 0. ], [ 182., -658., 0. ] ] }
   - { id:30296829, corners:[ [ 350., -518., 0. ], [ 490., -518., 0. ],
       [ 490., -658., 0. ], [ 350., -658., 0. ] ] }
   - { id:27853273, corners:[ [ 518., -518., 0. ], [ 658., -518., 0. ],
       [ 658., -658., 0. ], [ 518., -658., 0. ] ] }
