%YAML:1.0
nmarkers: 64
markersize: 5
marker_0: "1010110011000101011001100"
marker_1: "0101101110101001011110001"
marker_2: "1101110011111011010100110"
marker_3: "0001010101101001010010010"
marker_4: "0001000011110101001000011"
marker_5: "1010001100111010000001001"
marker_6: "0100000010000010001011101"
marker_7: "0101111111000110101001001"
marker_8: "1010010100010100110001010"
marker_9: "1010110100100111011010011"
marker_10: "0010111010111011111011001"
marker_11: "0101001100000110111000110"
marker_12: "0100000000100111010100011"
marker_13: "1100111001101101001101010"
marker_14: "1011010100111011110110111"
marker_15: "1001011101010101000001011"
marker_16: "1001110010110100010011001"
marker_17: "0100110010001101101101111"
marker_18: "1010111101110011010111010"
marker_19: "1000010101011001001000101"
marker_20: "1000000010100111101111100"
marker_21: "0100001011011000001001000"
marker_22: "0011011010001110101011001"
marker_23: "0101011010011100010001010"
marker_24: "0100000100001010110110101"
marker_25: "0110111001011101010111010"
marker_26: "0011011110100011100111101"
marker_27: "0110010011110011010110000"
marker_28: "0111111011110101010101100"
marker_29: "0111100011001011100111101"
marker_30: "1001111100110100001111110"
marker_31: "0000101000001001010101101"
marker_32: "1110001001000011010110111"
marker_33: "0011000011010111110011010"
marker_34: "0101101101000101101111000"
marker_35: "0100111010110011101110111"
marker_36: "0011001001001010001001011"
marker_37: "0111011100101000111011110"
marker_38: "0111001110111110100101000"
marker_39: "1001100111100001100011011"
marker_40: "0010110001010100111011000"
marker_41: "1001011100111111101001001"
marker_42: "1010110010111001010111010"
marker_43: "1110111101101000101001010"
marker_44: "0100101100000011100101001"
marker_45: "0100101010101110000100010"
marker_46: "1111101000010101010110000"
marker_47: "0101010000011011001011100"
marker_48: "1100111010000011100000111"
marker_49: "1100100101100111001001011"
marker_50: "1101101000011001100101001"
marker_51: "0001011101010011101011001"
marker_52: "0111010010000010101001110"
marker_53: "1001101010110000100010001"
marker_54: "0100001101100100001001010"
marker_55: "1101101100111011010101010"
marker_56: "0010110111010010100110101"
marker_57: "1010000101101101011010001"
marker_58: "1111001001010111110101101"
marker_59: "0110000100010010001111001"
marker_60: "0001001011110100000101000"
marker_61: "1101000000111001101101111"
marker_62: "1011111101010010011100111"
marker_63: "1001101110000000100101011"
