%YAML:1.0
calibration_Time: "03/23/15 10:55:59"
nrOfFrames: 25
image_width: 640
image_height: 480
board_width: 7
board_height: 6
square_Size: 2.5000000000000000e+000
FixAspectRatio: 1.
# flags:  +fix_aspectRatio +fix_principal_point +zero_tangent_dist
flagValue: 14
camera_matrix: !!opencv-matrix
   rows: 3
   cols: 3
   dt: d
   data: [ 6.0377848970443176e+002, 0., 3.1950000000000000e+002, 0.,
       6.0377848970443176e+002, 2.3950000000000000e+002, 0., 0., 1. ]
distortion_coefficients: !!opencv-matrix
   rows: 5
   cols: 1
   dt: d
   data: [ 1.6901284929874760e-001, -1.0214355567073656e+000, 0., 0.,
       1.3599972288823818e+000 ]
Avg_Reprojection_Error: 2.0315774320090751e-001
Per_View_Reprojection_Errors: !!opencv-matrix
   rows: 25
   cols: 1
   dt: f
   data: [ 2.00631887e-001, 1.54183939e-001, 1.19700439e-001,
       1.48141906e-001, 1.74729362e-001, 1.69900924e-001,
       1.22194588e-001, 2.91769922e-001, 1.32243350e-001,
       1.42507926e-001, 1.04213797e-001, 1.64065778e-001,
       1.59249127e-001, 1.92442864e-001, 1.95686817e-001,
       2.07999974e-001, 1.11123823e-001, 1.35957733e-001,
       2.66839981e-001, 3.20138961e-001, 3.19523007e-001,
       1.44096911e-001, 1.42229706e-001, 1.67076483e-001,
       4.20730025e-001 ]
# a set of 6-tuples (rotation vector + translation vector) for each view
Extrinsic_Parameters: !!opencv-matrix
   rows: 25
   cols: 6
   dt: d
   data: [ 1.4513382641103792e-001, -4.1630626733770312e-002,
       3.1357144000386925e+000, 5.5118286963476901e+000,
       5.3318981597606028e+000, 2.6174317129280460e+001,
       8.0362646887195721e-001, -2.0692880655677556e-001,
       2.9679513938358002e+000, 8.1709505734219849e+000,
       7.3234722307307090e+000, 3.6141120753825113e+001,
       -1.0891695867632716e+000, -1.3913017691966684e-001,
       -2.8741092437663407e+000, 1.0283947479828788e+001,
       6.7205458045778181e+000, 3.5178832438314508e+001,
       -1.0075890768778568e+000, 5.6343529412643367e-002,
       2.8930618836413573e+000, 3.4102167447122080e+000,
       2.6079077632441239e+000, 4.3736365583115351e+001,
       -1.1425298492382112e+000, 1.9553255095582575e-002,
       2.7978706817081154e+000, 3.0651417951248932e+000,
       2.0466749626313412e+000, 4.5154840613855448e+001,
       -1.1665043529959456e+000, -1.5288074851820735e-001,
       2.7038736138762958e+000, 7.3755008176450643e+000,
       4.6466075610470572e+000, 4.5755744334029373e+001,
       -3.1124776456945408e-002, -1.1452642897786995e+000,
       2.8701305301343161e+000, 6.0972786125270977e+000,
       5.1393816851267671e+000, 3.9775325588799021e+001,
       -1.5196442171489338e-001, -8.2793295540377065e-001,
       2.9769185118188912e+000, 4.3158115031986961e+000,
       4.8636269467271207e+000, 2.9140452612846317e+001,
       -8.8305026932717176e-002, 1.0790475721055857e+000,
       2.9187442051548635e+000, 5.9921091525004844e+000,
       1.2232083319887737e+001, 3.7197224868811716e+001,
       -4.8494502681026058e-001, 8.9210883422463105e-001,
       2.6812865530987580e+000, 3.3530531379546105e+000,
       1.1281723877850503e+001, 4.2319219361044247e+001,
       -7.7871467076980883e-001, -5.7575740095947392e-001,
       -2.7956889724582061e+000, 1.0261932926969045e+001,
       1.2716757652382631e+001, 3.4979564168691645e+001,
       6.4986510421159838e-001, -3.4383673988642244e-001,
       3.0348340758510965e+000, 1.0120949336625312e+001,
       9.9096283558141351e+000, 3.7939313681058685e+001,
       -9.8760071070007588e-002, -1.0992065323465594e+000,
       2.7973505820435665e+000, 4.6933782988577466e+000,
       3.2512818311811493e+000, 3.5696416090023639e+001,
       2.2992184137411303e-002, -1.7059978485748123e-001,
       2.3569977982518533e+000, 5.3191136293359280e+000,
       1.5398266219483032e+000, 3.3484743720809512e+001,
       2.5902586392507909e-001, 2.6880330843437933e-001,
       -2.9432906112006831e+000, 1.7016137231173145e+000,
       1.0015464907699986e+001, 3.6034628072560153e+001,
       -8.1750553138458337e-001, -8.7198602599975181e-002,
       -2.9203274891715973e+000, 1.4260749023741097e+001,
       7.2267591956577579e+000, 3.0843150619246416e+001,
       7.3561869289813353e-001, 2.2761823158420741e-001,
       2.4352147147355145e+000, 1.7652690700463904e+001,
       -5.8112267301314668e-001, 3.9678436072735288e+001,
       2.4546605284362197e-001, 9.1677003985904490e-002,
       1.8867558698599909e+000, 1.6005242416880119e+001,
       -5.2914871303363054e+000, 3.8179324954184096e+001,
       -5.9162124244828092e-002, 1.4538661973757408e-001,
       3.0312749628782467e+000, 7.0381844461132035e+000,
       5.2657897866779022e+000, 2.1279911919032191e+001,
       -1.1392797343845742e-001, 1.2397294355322319e-001,
       3.0183056548616336e+000, 9.0008985649515676e+000,
       5.0537409545258027e+000, 2.6585614771580900e+001,
       5.8109902365010770e-002, 3.5902984342878458e-001,
       2.7631676697458514e+000, 1.1761975489449670e+001,
       5.7629811719520898e+000, 3.3299753443133469e+001,
       -8.7273012357552648e-001, 7.3282000909730383e-001,
       2.7030661295940170e+000, 8.4848857313673456e+000,
       7.3574636053361200e+000, 4.3352823215171107e+001,
       -9.3596523961583855e-001, -9.4869045063395396e-001,
       2.7758335695412573e+000, 3.6729680815849637e+000,
       1.5455838700363043e+000, 4.0634106913824091e+001,
       -8.1928279935011272e-001, -8.9822638048256320e-001,
       2.7535410713922843e+000, 3.3231222288318185e+000,
       3.3652054601795052e+000, 4.0741621170359124e+001,
       1.4366513417868758e+000, -9.2522445622013971e-001,
       2.5408617510245111e+000, 9.2736432302582710e+000,
       8.6448857274829525e+000, 3.0277284772790896e+001 ]
