%YAML:1.0
calibration_Time: "03/18/15 10:19:38"
nrOfFrames: 25
image_width: 640
image_height: 480
board_width: 7
board_Height: 6
square_Size: 2.5000000000000000e+000
FixAspectRatio: 1.
# flags:  +fix_aspectRatio +fix_principal_point +zero_tangent_dist
flagValue: 14
camera_matrix: !!opencv-matrix
   rows: 3
   cols: 3
   dt: d
   data: [ 4.0001872740451034e+002, 0., 3.1950000000000000e+002, 0.,
       4.0001872740451034e+002, 2.3950000000000000e+002, 0., 0., 1. ]
distortion_coefficients: !!opencv-matrix
   rows: 5
   cols: 1
   dt: d
   data: [ -4.0244818590739800e-001, 1.7643742334886470e-001, 0., 0.,
       -1.0891830109545414e-002 ]
Avg_Reprojection_Error: 1.6027687821145709e+000
Per_View_Reprojection_Errors: !!opencv-matrix
   rows: 25
   cols: 1
   dt: f
   data: [ 5.24789214e-001, 5.46423018e-001, 2.30044991e-001,
       2.21809596e-001, 4.39713031e-001, 1.09420872e+000,
       1.96887881e-001, 1.59119233e-001, 1.64946228e-001,
       1.73988864e-001, 3.68180394e+000, 2.26429895e-001,
       2.92416155e-001, 2.79482663e-001, 3.53981465e-001,
       8.51036847e-001, 4.16913241e-001, 3.63656473e+000,
       3.71167493e+000, 2.47290468e+000, 3.51420355e+000,
       4.93848771e-001, 8.11102271e-001, 6.53948605e-001,
       6.66331112e-001 ]
# a set of 6-tuples (rotation vector + translation vector) for each view
Extrinsic_Parameters: !!opencv-matrix
   rows: 25
   cols: 6
   dt: d
   data: [ -6.6752672378338374e-002, 1.6995422083108450e-001,
       5.8101507881275632e-002, -7.6152487166202869e+000,
       -7.0637425545607426e+000, 2.2301878638430424e+001,
       -1.1487638878498091e-001, 1.3488383027061932e-002,
       -4.9836429080153050e-001, -1.0913682311085287e+001,
       5.1857886019895982e-001, 2.6642248470372568e+001,
       -2.2762715359438779e-001, 1.5103491461454061e-002,
       1.1697579394164461e-002, -2.3531161279728439e+000,
       2.1319751067120638e+000, 4.5162776065338463e+001,
       -2.9811228485623503e-001, 5.0455979165011633e-001,
       6.0022481874012525e-002, 8.9600590788484897e+000,
       6.1568026878845385e+000, 5.7025311557706885e+001,
       -2.7702295518024073e-001, 8.2698869750760584e-001,
       -7.2509329585451225e-003, 8.9172426556025002e+000,
       4.5068565698746754e+000, 5.7073640978515478e+001,
       -3.1756729524050603e-001, -7.9108519442981451e-001,
       2.9234598360137642e-002, -1.2515946022926149e+001,
       6.1478039273271834e-001, 4.7396241929287264e+001,
       2.2475256811845370e-001, -4.3030193084902962e-001,
       -6.8620828565924552e-002, -1.0995710621655949e+001,
       1.0320065958943268e+000, 4.1932852544603797e+001,
       4.1347542121789044e-001, -1.6235586628920506e-002,
       -3.1735428303371387e-002, -6.1136236797595425e+000,
       5.1196284240078438e-001, 4.2652305449340936e+001,
       2.0849149162896619e-001, 3.7631906040534419e-001,
       8.6272668027131502e-002, 2.1889952503529302e+000,
       -1.0838529147994072e+001, 5.2766281175488679e+001,
       7.2244220093305223e-001, 8.9392990787438245e-002,
       -1.1382460894562976e-001, -5.6969276254211012e+000,
       -1.2141292479368817e+001, 5.0432903924340955e+001,
       9.7088028116048330e-001, 5.2977663886793383e-002,
       -1.2424471793894329e-001, -6.5073981239255545e+000,
       -8.8345109530793895e+000, 4.4538582790789029e+001,
       -1.0885265338000913e+000, 5.0307868349825681e-002,
       8.4514453695654065e-002, -3.6752441940773259e+000,
       2.0135239289506050e+001, 5.0138411085629102e+001,
       -2.6108674957607464e-001, 6.7666869260130880e-001,
       7.0163082591246054e-002, 9.4313099663402369e+000,
       -1.4836429666810684e+000, 4.5499558418114383e+001,
       -2.1267392735523631e-002, 7.1838822443901118e-001,
       1.0284248302615841e-002, 6.7132655243135240e+000,
       -6.9330553211322625e+000, 3.3887639924801434e+001,
       1.6498552760119050e-004, 9.0980806813799653e-001,
       -6.5859474456063424e-002, 1.0081987539361759e+000,
       -3.7040431212591551e+000, 3.4126289441834366e+001,
       5.4524989650948451e-002, 1.0971743588557539e+000,
       -1.0800824466944937e-001, 2.3402490743801238e-001,
       -3.3504189685656769e+000, 3.4659566772359256e+001,
       -2.9636322504512885e-001, -9.5166174884216737e-001,
       3.8310246322033691e-002, -9.6955530901646796e+000,
       -1.6809544173762501e+000, 2.7619412386828657e+001,
       -3.4387831864497155e-002, -1.2573685544596440e+000,
       1.3478998548791923e-001, -7.0029682024411271e+000,
       -4.1691252179312341e+000, 2.3508777133478350e+001,
       3.8558439201069705e-001, -9.2668595104949780e-001,
       3.4008326515152670e-001, -5.4977307262563224e+000,
       -1.4736287611581951e+000, 2.7590380268294695e+001,
       4.2712448584453311e-001, -8.1528109236527935e-001,
       3.7135192347238954e-001, -5.6353902202853252e+000,
       -1.3710363322213521e+000, 3.0613660862481186e+001,
       3.6087685435815214e-001, -8.6775563386159993e-001,
       4.0551023492976007e-001, -5.1545469548296259e+000,
       -2.0355504974884324e+000, 3.2499427102825472e+001,
       3.2854674517526333e-001, -4.4834084346199600e-002,
       -9.4094509750272781e-002, -8.7095703513234195e+000,
       -4.5380051992280528e+000, 2.2349268858666136e+001,
       3.5357439942630114e-001, -1.1941341717644828e-001,
       -1.5508202167150367e-001, -9.4054004987130995e+000,
       -5.2224842983132067e+000, 1.5964066364809392e+001,
       2.8714986004989929e-001, 3.4210789817103307e-002,
       8.4989624955462556e-003, -6.0577350678740087e+000,
       -8.3975470403236319e+000, 1.8766595915204185e+001,
       8.0250732247652098e-002, -4.5345680771355271e-002,
       3.3400134880911975e-001, -2.5536795436169117e+000,
       -5.5622781032575022e+000, 2.4191328038809385e+001 ]
